00000000000000000000000000000000000000000000000000000000000000000000000000000000
00000000000000000000000000000000000000000000000000000000000000000000000000000000
00000000000000000000000000000000000000000000000000000000000000000000000000000000
00000000000000000000000000000000000000000000000000000000000000000000000000000000
00000000000000000000000000000000000000000000000000000000000000000000000000000000
00000000000000000000000000000000000000000000000000000000000000000000000000000000
00000000000000000000000000000000000000000000000000000000000000000033333333000000
00000333333333300000000000000000000000000000000000000000000000033332222223000000
00000322222222300000000000000000000000033333333300000000000000032222222223000000
00000322222222333333333333333333333333332222222300000000000000033322222223000000
00000322222222222222222222222222222222222222222300000000000000000322222223000000
00000322222222333333333333333333333333332222222300000000000000000322222223000000
00000322222222300000000000000000000000032222222300000000000000000322222223000000
00000322222222300000000000000000000000032222222300000000000000000322222223000000
00000322222222300000000000000000000000032222222300000000000000000323333233000000
00000322222222300000000000000000000000032222222300000000000000000323003230000000
00000333333323300000000000000000000000032222222300000000000000000323003230000000
00000003333323333330000000000000000000033233333300000000000000000323003230000000
00000003222222222230000000000000000000003230000000000000000033333323303230000000
00000003222222222230000000000000000000003230000000000000000032222222303230000000
00000003222222222233333333333333333333333233333333333333333332222222303230000000
00000003222222222222222222222222222222222222222222222222222222221222333230000000
00000003222222222222222222222222222222222222222222222222222222222222222230000000
00000003222222222233333333333333333333333333333333333333333332222222333330000000
00000003333323333330000000000000000000000000000000000000000032222222300000000000
00000000000323000000000000000000000000000000000000000000000033333323300000000000
00000000000323000000000000000000000000000000000000000000000000000323000000000000
00000000000323000000000000000000000000000000000000000000000333333323300000000000
00000000000323000000000000000000000000000000000000000033333322222222300000000000
00000000000323000000000000000000000000000000000000000032222222222222300000000000
00000000000323000000000000000000000000000000000000000032222222222222300000000000
00000000033323333333333333333333333333333333333333333332222222222222300000000000
03333333332222222222222222222222222222222222222222222222222222222222300000000000
03232222222222222222222222222222222222222222222222222222222222222222300000000000
03233333333333333333333333333333333333333333333333333332222222222222300000000000
03230000000000000000000000000000000000000000000000000032222222222222300000000000
03230000000000000000000000000000000000000000000000000033332322222222300000000000
33233333333333333333333333333333333333333333333333333333332333333333300000000000
32222222222222222222222222222222222222222222222222222222222230000000000000000000
32222223333333333333333333333333333333333333333333333333333330000000000000000000
32222223000000000000000000000000000000000000000000000000000000000000000000000000
32222223000000000000000000000000000000000000000000000000000000000000000000000000
32222223000000000000000000000000000000000000000000000000000000000000000000000000
32222223000000000000000000000000000000000000000000000000000000000000000000000000
32222223000000000000000000000000000000000000000000000000000000000000000000000000
32222223000000000000000000000000000000000000000000000000000000000000000000000000
33333333000000000000000000000000000000000000000000000000000000000000000000000000
00000000000000000000000000000000000000000000000000000000000000000000000000000000
00000000000000000000000000000000000000000000000000000000000000000000000000000000
00000000000000000000000000000000000000000000000000000000000000000000000000000000
3333333333333333333333333333333333333333333333